Xr = [1.2 0.7];
fd = [10 0];

xe = [1.3 0.7];

K = [1000 0 ; 0 0];
Cf =[0.05 0 ; 0 0];
Md = [1000 0 ; 0 1000];
Kd = [5000 0 ; 0 5000];
Kp = [5000 0 ; 0 5000];

Kf = [0.03 0 ; 0 0];
Ki = [0.03 0 ; 0 0];
